x=414
width=200
y=118
height=200
component_0_x=-364.000000
component_1_y=0.000000
component_0_y=-73.000000
component_1_x=0.000000
